[Calibration constants]
w1 = -5.219e-05
w2 = 0.01312
w3 = 4.836
p1 = -0.0005512
p2 = 0.04333
p3 = 6.019

[Scan]
laser_position_x = 566
laser_position_y = 451

[Andor]
spectcenter = 194
slineidx = 23

[Mako]
pupilradius = 120.0

